22 84
333333333333333333333333333333333333333333333333333333333333333333333333333333333333
100000000000200000222222222222222222222222222222200000000200000000000000000000200001
102222222020200000000000000000000000000000000000200000000202222222222222220000200001
102220000020202222222222222002222222222222220000200000202202000000000000020000200001
102220222220002000000000000000002000000000020000200000200002022222222222020000200001
102000202222222000000000000000002022222222020000200222202222020000000002020222200001
102022202000000222222222200000002020000000020000200200000002022222202020020000222001
102020002000000200000000200000002020222222222022200200000002020000020202020000200001
102022222222222202222220200000002020200000000020000200000002020000020202020022200001
102000000000000002020020200000002020200000222220000200000002020000020202020022222001
102222222222222222020020200000002020200000200000000200000002020000020202020000002001
100000000000000000020020200000002020200000200000000200000002020002220002020000002001
122222222222222222020020200000002020200000200000000200000002020002002022020000002001
102000000000000002020020200000002020200000222222222200000002020002000002020222222001
102002222222222202020020200000002020200000000000000000000002020002222202020000000001
102002000000000202020020200000002020222222222222222222222222020002200002020022222201
102002000000000202022020222222222020000000000000000000000000020002002002020020000001
102002000000000202000020000000000022222222222222222222222222220002002002020022222221
102002000000000200000022222222222220000000000000000000000000000000002002020000000001
102002222222222222222222222222222222220222222202222222222222222222222222022222222221
10000000000000000000000000000000000000020000000000000000000000000000000200000000000F
333333333333333333333333333333333333333333333333333333333333333333333333333333333333