22 84
333333333333333333333333333333333333333333333333333333333333333333333333333333333333
100000000000000000000000000000000000000000000000000000000000000000000000000000000001
1000000000000000000000000000000000000000A0000000000000000000000000000000000000000001
100000000000000000000000000000000000000000000000000000000000000000000000000000000001
100000000000000000000000000000000000000000000000000000000000000000000000000000000001
100000000000000000000000000000000000000000000000000000000000000000000000000000000001
100000000000000000000000000000000000000000000000000000000000000000000000000000000001
100000000000000000000000000000000000000000000000000000000000000000000000000000000001
100000000000000000000000000000000000000000000000000000000000000000000000000000000001
100000000000000000000000000000000000000000000000000000000000000000000000000000000001
100000000000000000000000000000000000000$$$000000000000000000000000000000000000000001
10A000000000000000000000000000000000000$B$000000000000000000000000000000000000000A01
100000000000000000000000000000000000000$$$000000000000000000000000000000000000000001
100000000000000000000000000000000000000000000000000000000000000000000000000000000001
100000000000000000000000000000000000000000000000000000000000000000000000000000000001
100000000000000000000000000000000000000000000000000000000000000000000000000000000001
100000000000000000000000000000000000000000000000000000000000000000000000000000000001
100000000000000000000000000000000000000000000000000000000000000000000000000000000001
100000000000000000000000000000000000000000000000000000000000000000000000000000000001
1000000000000000000000000000000000000000A0000000000000000000000000000000000000000001
100000000000000000000000000000000000000000000000000000000000000000000000000000000001
333333333333333333333333333333333333333333333333333333333333333333333333333333333333